
-------------------------------

array size = 5000
721306
598532
532670
530350
426620
448035
430560
454063
429643
427617
428013
213958
156762
156160
156252
150945
153476
158194
145875
145400
128053
125067
136551
127494
140646
126781
126376
125653
126890
126875
126853
125057
127851
126541
126367
127743
125616
126900
127290
128057
125483
127873
123794
128216
127352
125509
127094
126535
127647
141042
125360
126147
126451
128015
126542
125188
125757
126424
124176
128158
127919
136601
141478
141973
127719
132683
127921
127029
127015
126342
127642
128049
127536
128148
125619
130429
127940
127462
127181
128226
127892
127298
164167
162630
155500
154381
128878
127276
126771
129671
127944
125440
125339
126672
126967
126411
127718
127667
125372
127775

-------------------------------

array size = 25000
919299
806074
982639
780936
776091
770507
766251
768712
1412507
799735
771331
772271
795398
766959
769462
771358
773304
771693
765878
767392
768624
771301
773561
769163
790247
768327
771841
776222
774718
768298
773175
767400
770803
771466
770007
769569
769767
765643
775041
768952
769840
770292
770369
775741
775728
777079
768733
772107
771046
767702
773361
772732
769243
771572
767927
769883
768537
768327
770902
768735
769457
767321
801184
771303
768840
769852
766990
770966
766371
768836
768017
767490
773933
767936
772134
770971
769930
767768
769158
769734
770168
770694
772698
765773
769074
766386
769188
771731
770902
768964
766661
768187
772897
764592
771567
770751
771358
770701
770532
774909

-------------------------------

array size = 45000
1627438
1547908
1548626
1548790
1557771
1552418
1547938
1552511
1554514
1550164
1545940
1552455
1551295
1553550
1550243
1547307
1551654
1551960
1550698
1549192
1548055
1548011
1552300
1565002
1548997
1553456
1548815
1555382
1549912
1549477
1550833
1554157
1549159
1550060
1579490
1555688
1555609
1549991
1550458
1550193
1552505
1553905
1549817
1544139
1547968
1547301
1554421
1548808
1552469
1550380
1553343
1550286
1547988
1551771
1548509
1550651
1551636
1549096
1548541
1552286
1553749
1552252
1546250
1552944
1551739
1552765
1549365
1550589
1556556
1548193
1548407
1549352
1552251
1552778
1544186
1579361
1555314
1550297
1551652
1550628
1548176
1553550
1553068
1550834
1548027
1555216
1551799
1551180
1550680
1551756
1552394
1550788
1543376
1549416
1552306
1555188
1550551
1547279
1549047
1977578

-------------------------------

array size = 65000
3069790
2950741
2923128
2522992
2519125
2519351
2527197
2515251
2520063
2520824
2522952
2518642
2524793
2517649
2518579
2510690
2527066
2518334
2520864
2516391
2517762
2708292
2521657
2515879
2519220
2515730
2513942
2530300
2520978
2518965
2518767
2519427
2524304
2518618
2517850
2513876
2517761
2522659
2522020
2515897
2522020
2522047
2522143
2508870
2524446
2513959
2515687
2518220
2516021
2517546
2517764
2511391
2517477
2520589
2518436
2516647
2522667
2524849
2516761
2514009
2516201
2515520
2525598
2513308
2515232
2521480
2527482
2521744
2518918
2524923
2517185
2521165
2523907
2518083
2508729
2522733
2519772
2520214
2511024
2525626
2523869
2513425
2511992
2515864
2522941
2521322
2517340
2518528
2522838
2513804
2510680
2520693
2521266
2517853
2515642
2523741
2522785
2538681
2513043
2522669

-------------------------------

array size = 85000
3483788
3405555
3400281
3177684
3185899
3174656
3186588
3182987
3177574
3183619
3184236
3180767
3174406
3178276
3174927
3183203
3176603
3177144
3185733
3181818
3183428
3188690
3186053
3179026
3183270
3202335
3181850
3262234
3175702
3181432
3180218
3178699
3175294
3177244
3174110
3176159
3176494
3208504
3175408
3174010
3171760
3182530
3178362
3179920
3177298
3174544
3177961
3179444
3177667
3182714
3181550
3222400
3181380
3181074
3177621
3175408
3179640
3184520
3180026
3178042
3245724
3178224
3176326
3175838
3171098
3173718
3175075
3176929
3175915
3180669
3176853
3176261
3177757
3177848
3178989
3177526
3184688
3183291
3189300
3180274
3183331
3180017
3174050
3180693
3179180
3184700
3181379
3175416
3178350
3181905
3178079
3176393
3176092
3178777
3178085
3168121
3186090
3177377
3174624
3183993

-------------------------------

array size = 105000
4676349
4395953
4035625
4041578
4030441
4048813
4057586
4025847
4058953
4020344
4015624
4004405
4004566
4003835
4005493
4027475
4005812
4061358
4018137
4007499
4005687
4007283
4014253
4010636
4012484
4011487
4006859
4017989
4018507
4002173
4012546
4063230
4011042
4014932
4000872
4004756
4028459
4010104
4007731
4007178
4014227
4002307
4003948
4007533
4001060
4006548
4010225
4035883
4004535
4005962
3997538
4006305
4006557
3998815
4013636
4056636
4009052
4013657
4008216
4009567
4037545
4005333
3996164
4028077
4009846
3999758
4000850
4005197
4005098
3993213
4008012
4004338
4006304
4011226
3999917
4013180
4001071
4002564
4007230
4038508
4005048
4012280
4059499
4004979
4003834
4024185
4008204
4006746
4009395
4003367
4024232
4040156
4006321
4005663
4044438
4010684
4005855
4004333
4095443
4012027

-------------------------------

array size = 125000
5001536
4900978
4920472
4909643
4921769
4937364
4907557
4904973
4910884
4902935
4906190
4907914
4942667
4914550
4905427
4919574
4900731
4914304
4944874
4912612
4918594
4913972
4901857
4905145
4909348
4911025
4921700
4976547
4900449
4896384
4920005
4901521
4923521
4925578
4912274
4911836
4925096
4915086
4915649
4908832
4897883
4905287
4906093
4907419
4914344
4912537
4906040
4911975
4905490
4910370
4907315
4919208
4905198
4916068
4919007
4910478
4915335
4908715
4917030
4941694
4909023
4908790
4902054
4901196
4911809
4903837
4915517
4924664
4917789
4951764
4906964
4917648
4916147
4923612
4919138
4919882
4940518
4900785
4907241
4914753
4904741
4903083
4910887
4908974
4912657
4925054
4915011
4917299
4907190
4923030
4946113
4913500
4916893
4906908
4901013
4915259
4911453
4898850
4919349
4895531
