
-------------------------------

array size = 5000
4134245
2264643
1641786
1264841
1184629
1202222
1173568
1193781
1172386
1250250
1206128
1200843
1177738
1173614
1330495
1238064
1328006
1213606
1175498
1171683
1179684
1255827
1323430
1178311
1173060
1177239
1175208
1175770
1239359
1223746
1176286
1171723
1175209
1201210
1323368
1218376
1197760
1183040
1175927
1171573
1213671
1174703
1182701
1174337
1174796
1197368
1174115
1171537
1172815
1180675
1178081
1184744
1173356
1206738
1173704
1176891
1174287
1170645
1175017
1177296
1173838
1171825
1173793
1176795
1188705
1176615
1247073
1228277
1176694
1175384
1199325
1192401
1175571
1245377
1173742
1176292
1263296
1195712
1198916
1172820
1193987
1379710
1197711
1206470
1173139
1197682
1201728
1196351
1180011
1200906
1178476
1181340
1183225
1177500
1174627
1176975
1180611
1178011
1183261
1180648

-------------------------------

array size = 25000
7037062
7048408
7543648
7012376
7018469
7012340
7027019
7115903
7061961
7079705
7070500
7144519
7083795
7080491
7060482
7039355
7039775
7040008
7037577
7042359
7048283
7103101
7002128
7019416
7024446
7027133
7004374
7012069
7014602
7284015
7036735
7022273
7030498
7051459
7013106
7166566
7067031
7044051
7020648
7016657
7014768
7032251
7025024
7098773
7025919
7014005
7059813
7063136
7016611
7045467
7011391
7023943
7046878
7058812
7020505
7023363
7099068
7010415
7024252
8250630
7015006
7041100
7011652
7018397
7016641
7111812
7044109
7039504
7049284
7010836
7037737
7051481
7039038
7038513
7017160
7021489
7015429
7050142
7021111
7036832
7037979
7019960
7022769
7021815
7049109
7073580
7028134
7015645
7030512
7040624
7022499
7030719
7056170
7092249
7017235
7021545
7054791
7012724
7057444
7012007

-------------------------------

array size = 45000
13417955
13416868
13421718
13434104
13475050
13438928
13454441
13417437
13507034
13408916
13435893
13415081
13411988
13469711
13436022
13407180
13415448
13442589
13417673
13506802
13456862
13432957
13469300
13457417
13401606
13456395
13455075
13435202
13427119
13417678
13949338
13461501
13782369
13534378
13441319
13431344
13410599
13409372
13398405
13533704
13516801
13415679
13424362
13470383
13407037
13439301
13482232
13554039
13459917
13405528
13558689
13453016
13454461
13430146
13482538
13530937
13436893
13481279
13440382
13433191
13478642
13455266
13440801
13423175
13440145
13439882
13464571
13448334
13487733
13440737
13433924
13427056
13408525
13536476
13452851
14042647
13645774
13489238
13442299
13614775
13505989
13452912
13461640
13432805
13429970
13443054
13456511
13425315
13531624
13423657
13449696
13470627
13448076
13417303
13413919
13423977
13411057
13415231
13468197
13465159

-------------------------------

array size = 65000
20175624
20256207
20149336
20185977
20380271
20206690
20193167
20192822
20130422
20163978
20224371
20183362
20155951
20245419
20184653
20178376
21806841
21769852
21772302
21169397
20209547
20559035
21750882
20805146
20270513
20216666
21773174
21476647
20307465
20197293
20272796
20214611
20172206
20243330
20146951
20162335
20227064
20198737
20193367
20169133
20180255
20221886
20248985
20156563
20168427
20213703
20352833
20212712
20135279
20174750
20204872
20166125
20153046
20350564
20196263
20143635
20235148
20186851
20338375
20203209
20171450
20208333
20175034
20249308
20160049
20222114
20184219
20222695
20224549
20217695
20218678
20164698
20220241
20254450
20394492
20214211
20810893
20145764
20150266
20219223
24643638
20255630
20268017
20306502
20148734
20218655
20159315
20203392
20170225
20137949
20171693
20147523
20293924
20215609
20191420
20199380
20238109
20284990
20195288
20263543

-------------------------------

array size = 85000
27087541
27240416
27090007
27144385
27201969
27331715
27119001
27190286
27749212
27083825
27102998
27157610
27192159
27105094
27193591
27188838
27150552
27232384
27236864
27198373
27230003
27109168
27188192
27076305
27155342
27157122
27080982
27190302
27270852
27152135
27112505
27152601
27250385
27187460
27121578
27202486
27101213
27199778
27126256
27445736
27064676
27078514
27142563
27094843
27151772
28049139
27271922
27114381
27166116
27380931
27442266
27254649
27215950
29216536
29304813
27539456
27319158
27219476
27135556
27612519
27119278
28695939
29502599
27427477
27121299
27148206
27188660
27128735
27109172
27194125
27233205
27172758
27037937
27107241
27163306
27111773
27200817
27067779
27043868
27158914
27304312
27045396
27214129
27140147
27398350
27143018
27220029
27274727
27193747
27184998
27142755
27166585
27059825
27101570
27157129
27220305
27214813
27255602
27090235
27140654

-------------------------------

array size = 105000
34499253
34408650
34312947
34361183
34730015
34454972
34413884
34368105
34209464
34431306
34674217
34354714
34616289
35367792
34758337
34715284
34390530
34204752
34219903
34326713
34215070
34219493
34311087
34305737
34396726
34259722
34367853
34335197
34293781
34262420
34347703
34427075
34205682
34509900
34295165
34300441
34297242
34356498
36877922
34339654
34918860
34550453
34269293
34243732
37024925
34864416
34402529
34303828
34257772
34365991
35373355
34494107
34333480
34259862
34331838
34223984
34262247
34567786
34420738
34328331
34308795
34307420
34708163
34266848
34280170
34338829
34379294
34387543
34313807
34240913
34416180
34450965
34646768
34331298
34248667
34286392
34239216
34250944
34349108
34301435
34187404
34230972
34332502
34311481
34380275
34333748
34267948
34380848
34288477
34323087
34319525
34363733
34496159
34207646
34300582
34292451
34418332
34230149
34353696
34783550

-------------------------------

array size = 125000
42344059
41826095
41723709
44093389
42908521
42011695
41768397
41924006
41762990
41649258
41699439
41764571
41583937
41684593
41727956
41554460
41630742
41568452
41714801
41671123
41956127
42044927
41652112
41665674
41644202
41673265
41652793
41755858
41641357
41789148
41602778
41715252
41814567
41584914
41609773
41523689
41637945
41582409
41770915
41661263
41727005
41610818
41475730
41633896
41577667
41639501
41657077
41543501
41610984
41741646
41628265
41641932
41652101
41636726
41686882
41752608
41743198
41579390
41573012
41588111
41558527
41575023
41805864
41840818
42423452
41646015
43193492
41698671
41689229
41683229
41683808
41649311
41680039
41606334
41583597
41587313
41592556
41664914
41657521
42302076
42002300
41720579
42868483
41860670
42974009
41822841
41737907
41724116
41576589
41760203
41639757
41642041
41724132
41568016
41747957
41710375
41711833
41624211
41733130
41663069
