
-------------------------------

array size = 5000
0 28712183
0 21013256
0 21284486
0 21214458
0 21201747
0 20941780
0 20910152
0 20716021
0 21064737
0 20704673
0 21088061
0 20860602
0 20973095
0 20689069
0 21126975
0 21051588
0 20782400
0 21035336
0 21066630
0 20932025
0 20960693
0 21148436
0 20629687
0 20799550
0 21221585
0 21005954
0 20939392
0 20904070
0 20860361
0 20914078
0 21263333
0 20719477
0 20694648
0 21242791
0 21309389
0 20873003
0 20957037
0 21114086
0 21004797
0 20785075
0 20611140
0 20767917
0 21104637
0 21042105
0 21020074
0 21058375
0 20975585
0 20817441
0 21284581
0 20957450
0 20806995
0 21194753
0 20696634
0 21098370
0 20798615
0 21312270
0 20816832
0 20856815
0 20800791
0 20980780
0 21211882
0 20931385
0 20735958
0 20911615
0 20697001
0 21272942
0 20801190
0 21067665
0 20845870
0 20886972
0 21035753
0 20717314
0 21069021
0 20417945
0 20720471
0 20732611
0 21186190
0 20729773
0 21256278
0 20479662
0 21370986
0 21135404
0 20779503
0 21089804
0 21051760
0 20760166
0 20903225
0 20882090
0 20762825
0 20712750
0 21233588
0 22598185
0 22420044
0 22997476
0 22538315
0 22801016
0 21237795
0 20450511
0 21049131
0 20776654

-------------------------------

array size = 25000
0 524554744
0 523649370
0 519840763
0 519971102
0 523442028
0 523837252
0 521946212
0 522440635
0 527372834
0 522353274
0 517101521
0 518516863
0 520445727
0 525010652
0 524478530
0 517407688
0 521555026
0 528008570
0 522207355
0 523914783
0 522115263
0 522680418
0 522677568
0 524725307
0 521525381
0 516970928
0 521225571
0 520669040
0 522789785
0 525521152
0 520761198
0 521003605
0 520396552
0 520009724
0 521203388
0 521474076
0 522741934
0 523946238
0 523305610
0 521721352
0 523040470
0 521894204
0 522288937
0 525971494
0 520430851
0 521708548
0 522831218
0 521735579
0 525532321
0 520704465
0 522448029
0 525849131
0 521736058
0 523007946
0 519404623
0 527968585
0 520455926
0 520091967
0 520096022
0 516735864
0 523719740
0 523805445
0 521771930
0 521299035
0 520176819
0 522641646
0 521744340
0 520905387
0 523242749
0 521101127
0 522935443
0 524673156
0 527240944
0 522423359
0 522233332
0 524563098
0 522488046
0 521006279
0 523636374
0 522192706
0 519934462
0 520526880
0 519654573
0 523179585
0 522637821
0 529684522
0 522281540
0 517803184
0 522698468
0 527607132
0 523515357
0 528056461
0 519872532
0 522613680
0 519931705
0 522983269
0 522142120
0 519582218
0 521689268
0 520873206

-------------------------------

array size = 45000
1 691065605
1 714222340
1 695181656
1 681162112
1 682774639
1 690713847
1 696583485
1 703084652
1 690477594
1 680758650
1 693037693
1 687580287
1 705594924
1 693622795
1 692019975
1 695744671
1 693308913
1 694285827
1 684401109
1 699808699
1 693320816
1 696073364
1 691414011
1 699041962
1 691722312
1 690769449
1 704593689
1 697172856
1 694822245
1 696389092
1 692221373
1 694084602
1 705184562
1 683064228
1 700376350
1 697820351
1 690422787
1 716630360
1 688179387
1 693250126
1 688736227
1 701280913
1 684980433
1 693100714
1 692756322
1 703843955
1 698099271
1 714379886
1 696672451
1 697779337
1 699870769
1 702980590
1 692116748
1 691003946
1 693143235
1 697431031
1 689513879
1 711333772
1 699359141
1 690386437
1 692209474
1 692202800
1 694614326
1 688238283
1 682424400
1 689821083
1 688245485
1 700442102
1 699756612
1 686834710
1 693816902
1 697151996
1 698077425
1 696024467
1 690889177
1 684610076
1 692547574
1 698645915
1 690396733
1 690301814
1 684574895
1 694106828
1 693714983
1 698156001
1 678173290
1 700103648
1 692477218
1 695467545
1 686073411
1 686361867
1 681613497
1 690515100
1 683505073
1 704552463
1 699760190
1 699079453
1 693197489
1 682468585
1 699631500
1 689761321

-------------------------------

array size = 65000
3 521235363
3 536534786
3 551054357
3 561515699
3 527614398
3 530185338
3 523783285
3 532557947
3 524873534
3 518336336
3 533792630
3 546074924
3 530829110
3 526079192
3 527356467
3 526084677
3 529746088
3 537640391
3 535297901
3 530721543
3 542461598
3 531721439
3 516938871
3 525161781
3 543633385
3 510801841
3 533021916
3 532304523
3 532382560
3 533265986
3 541530504
3 531224030
3 522455215
3 551325974
3 529544872
3 542856716
3 534179928
3 555277976
3 514976423
3 526682926
3 529725663
3 530055909
3 533242501
3 524534951
3 528158507
3 528240697
3 533269372
3 509800387
3 527623519
3 529904069
3 518372305
3 535700227
3 539585665
3 530535471
3 545481938
3 527071335
3 545985434
3 531083018
3 542699358
3 529262144
3 534411580
3 526237905
3 528381406
3 543873338
3 556232003
3 513615247
3 522010764
3 534040374
3 519823789
3 554576090
3 517007960
3 552008094
3 537111494
3 539786034
3 523060061
3 536389686
3 515629368
3 534075638
3 522107448
3 521867702
3 526292228
3 542598410
3 537045242
3 517344208
3 518297452
3 537748957
3 528805517
3 527428843
3 555717459
3 529962309
3 524694618
3 530317445
3 532825454
3 525701846
3 529614450
3 535342855
3 527599279
3 555203655
3 543598799
3 525271565

-------------------------------

array size = 85000
6 29650086
6 29797756
6 27166199
6 143273830
6 21814120
6 31002252
6 39879167
6 46725974
6 44618617
6 14794980
6 44148117
6 48947671
6 12701204
6 53012281
6 15606263
6 71712800
6 59129540
6 31888336
6 44984740
6 34509223
6 41458875
6 55147158
6 14450877
6 102541679
6 64089468
6 35200005
6 45278673
6 60003286
6 55589519
6 63560298
6 27605449
6 42404844
6 28597568
6 54628564
6 74892485
6 58225060
6 54551447
6 47043355
6 51631866
6 35110113
6 24843476
6 21387511
6 42681908
6 84724499
6 73728902
6 38995517
6 26299950
6 47081936
6 35518392
6 45392930
6 20642160
6 3457309
6 63373644
6 64875826
6 47920448
6 14394124
6 54060889
6 58799437
6 56788597
6 53208931
6 36019845
6 37010677
6 72650274
6 38915758
6 49158682
6 42137983
6 261715456
6 336895892
6 276045470
6 176502272
6 203632014
6 325192924
6 385502945
6 195076924
6 260506596
6 382698733
6 120979310
6 75873035
6 66003762
6 93213121
6 81415857
6 90290799
6 173904358
6 147733171
6 177442300
6 258963033
6 426050382
6 225735566
7 40022120
7 745502724
7 785886283
7 548228755
7 822912572
7 793318041
7 758518985
7 605220517
7 612380758
7 666355228
7 884155899
7 906085707

-------------------------------

array size = 105000
11 814613583
11 564994202
11 693722702
11 667816878
11 573864300
11 411291370
11 312167642
11 307913730
11 331148099
11 294663878
11 237515868
11 317579816
11 279536692
11 305172025
11 310521068
11 287597698
11 286409587
11 284555742
11 319425105
11 315460634
11 298204691
11 352640157
11 317432889
11 298235453
11 331658204
11 312317974
11 302943782
11 336354409
11 307247693
11 288414723
11 330314971
11 308817688
11 305156842
11 324407526
11 323297040
11 301396430
11 306942324
11 312601227
11 320128698
11 269616784
11 373311541
11 380306135
11 348940587
11 470991242
12 204643262
11 495221673
11 359702905
11 403073538
11 327578878
11 311559313
11 302708737
11 315784070
11 281144280
11 318250556
11 376181330
11 248774341
11 326331378
11 342346172
11 275339252
11 306517131
11 452285193
11 323809256
11 308013582
11 340803795
11 298631998
11 357913372
11 293895936
11 321492430
11 328749105
11 318643433
11 329931749
11 281815798
11 327270689
11 305321264
11 310943590
11 302077197
11 320477430
11 305988008
11 280270240
11 339374973
11 458111057
11 311754903
11 289609048
11 352715107
11 327456253
11 373958951
11 530879549
11 650744334
11 653719533
11 553035313
11 467473211
11 725112046
11 589049548
11 525149531
11 556929705
11 670472161
11 524538566
11 642980885
11 591621080
11 607727784

-------------------------------

array size = 125000
16 266648020
16 411490889
16 234802851
16 217065253
16 230597881
16 269839969
16 327169931
16 428234769
16 341831774
16 374018836
16 345704667
16 439890159
16 313900644
16 248699798
16 319939682
16 708102087
16 328575470
16 134539304
16 461037328
16 491346226
16 664699119
16 808785949
16 388671651
16 52359162
16 226540384
16 516642491
16 224968562
16 41628847
16 71012079
16 50636778
16 27018805
15 965025398
16 21995430
15 971923730
16 16564588
16 35540552
16 50763437
16 29446230
16 19682395
16 49620266
15 962281462
16 63911586
16 14267955
15 988058185
15 995243323
16 77689335
16 35098506
16 72340746
16 458975416
16 808944771
16 808311954
16 847198985
16 752890024
16 738617037
16 731104237
16 795544999
16 761098941
16 804094198
16 776001343
16 738422968
16 799097731
16 724498305
16 813177191
16 799147797
16 798836479
16 809499495
16 825210312
16 767903461
16 808755821
16 826874968
16 747018015
13 617636188
13 134563829
15 134530997
15 988544933
16 46614691
16 15324463
16 49347878
16 20375794
16 58086132
15 957314905
16 50097526
16 41016475
16 24293381
16 17783539
16 87947031
16 73927300
16 41173957
16 40264538
16 38376397
15 995267860
16 73356032
16 32650316
16 38456161
16 43262165
16 30979923
15 998809572
16 66481852
16 32446164
16 786253726
