
-------------------------------

array size = 5000
3558956
3253576
1856389
876556
781312
780455
791601
823017
784527
784278
778662
787468
778545
811840
777762
779866
857668
881918
823689
780294
794453
776434
784688
777820
811810
865848
794188
816563
779956
781037
781170
784093
781851
807753
850491
778990
804502
782972
784124
784370
781176
778302
783319
858558
828465
824768
785335
781921
879805
784601
815196
777190
819745
781040
783724
778210
782378
778838
780256
778490
785919
822623
785316
780713
783797
782028
777909
788866
779954
780654
782852
818584
806269
852300
780288
781535
783732
786310
785934
809484
776356
787901
784347
779753
786891
778886
786169
777245
775685
782429
780483
781238
780004
781636
777155
777058
881977
788107
783141
781152

-------------------------------

array size = 25000
4550608
4590624
4545015
4543341
4543183
4548885
4553282
4547973
4544916
4545513
4534671
4543138
4541133
4545788
4537017
4555589
4536632
4528175
4569132
4585405
4548933
4572044
4540587
4552263
4543309
4545252
4575415
4531025
4547506
4544448
4548436
4574132
4562226
4534757
4535534
4571044
4532270
4546965
4531302
4537184
4566896
4540117
4533542
4533674
4538528
4546747
4534072
4527420
4544312
4576071
4539683
4540806
4532430
4535153
4530915
4532937
4536832
4548043
4533747
4544268
4779511
4553927
4561372
4539474
4530956
4534841
4539797
4523923
4540290
4546131
4535065
4564593
4534693
4566552
4548304
4598399
4536845
4549036
4539998
4567965
4546210
4553276
4551058
4550756
4539113
4543184
4533708
4526701
4530287
4535819
4538115
4541179
4543703
4535898
4540988
4534913
4543292
4535056
4546292
4569228

-------------------------------

array size = 45000
8718679
8715917
8721426
8721694
8711957
8732624
8734840
8730011
8742648
8752734
8744251
8729966
8757467
8706968
8717806
8722551
8717352
8713043
9527965
9261475
8742798
8727638
8758267
8711868
8725278
8747183
8718263
8736604
8717956
8717393
8773498
8729542
8716597
8717830
8714976
8705897
8705323
8761259
8713302
8704987
8738946
8828230
8728392
8727293
8726284
8718429
8757731
8723339
8716794
8856181
8742754
8723340
8720910
8712382
8710501
8719174
8710110
8713347
8721400
8752108
8755143
8716288
8710817
8744385
8723837
8716525
8767797
8703866
8727037
8709200
8717067
8711737
8722205
8711110
8714910
8706406
8738896
8724700
8705521
8713412
8714341
8740202
8758327
8700632
8719585
8717255
8716697
8722151
8748051
8707541
8717184
8748861
8717135
8756975
8739793
8729123
8746469
8733867
8734982
8707533

-------------------------------

array size = 65000
12867207
12913214
12863651
12859014
12886727
12864145
12878556
12906930
12897100
12880610
12891018
12899877
12884833
12893519
12853933
12927666
12922931
12874345
12907743
12882061
12878454
12888570
12855013
13150270
12867167
12872373
12932596
12877462
13564895
12983959
12929390
13056947
12918662
12919573
12942205
12919055
12901164
12865720
12854645
12864239
12878809
12928583
12894215
12865651
12898309
12889720
12914020
12870185
12880528
12888204
12885878
12872411
12891751
12853317
12861828
12857058
13363713
12877338
12874153
12865604
12897269
12897957
12839336
12924829
12881719
12863114
12862587
12881757
12880290
12872131
12911102
12898353
12878192
12880315
12882671
12875254
12905411
12899305
12873772
12900463
12879941
12873293
12864023
12973213
12890319
12913467
12865973
12880409
12887927
12864782
12877656
12918588
12861852
13133001
12872293
12856918
12881155
12875854
13646122
13899456

-------------------------------

array size = 85000
18735072
18737429
18728946
17472918
17339443
17425971
17339561
17331146
17418852
17342131
17832076
17583307
17338355
17553274
17333246
17348476
17329200
17337861
17335831
17383654
17343888
17339424
17405838
17431533
17395397
17304264
17331157
17331543
17328629
17371421
17326015
17340763
17348373
17392595
17372313
17354820
17346295
17353956
17355253
17413819
17380929
17332896
17405106
17334638
17411741
17366668
17324866
17339070
17410434
17348685
17378939
17350111
17314695
17321922
17397695
17392050
17346006
17377406
17325892
17376049
17473934
17455560
17349277
17354045
17917281
17385217
17327605
17339758
17342663
17329885
17731867
17379607
17689161
17989202
17383635
17384839
17525196
17313369
17365871
17476709
17483232
17385211
17391272
17398602
17759434
18733471
17408164
17492205
17394966
17921428
17858697
17441191
17404810
17406516
18031548
17732019
17598547
18470561
18506007
17382612

-------------------------------

array size = 105000
21749007
21681777
21699095
21741503
21762717
21717700
21685976
21752071
21756679
21728789
21690983
21745894
21795770
21791544
21708331
21726369
21725803
22840522
23424907
23452160
21985755
21732868
21696195
21696232
21672977
21787791
21692544
21720397
21704362
21747329
21703378
21678592
21711848
23025080
21726244
21702705
21717598
21702044
21716847
21699958
21746452
21716466
21796527
21708957
21698692
21759341
21733796
21698395
21710505
21722412
21752296
21747898
21745646
21887515
21818862
21910647
21755296
21681567
22282490
21717378
22076937
21748376
21771755
21773317
21701196
21687759
21718796
21722747
21703310
21703522
21710224
21680565
21720179
21686265
21729339
21762053
21709843
21722481
21696276
21754028
21703922
21754319
21736852
21741407
21711512
21695794
21784262
21768585
21737437
21727584
21769378
21787234
21780316
21772363
21786269
21890137
21753125
21727993
21776496
21842934

-------------------------------

array size = 125000
26828032
26503373
26222419
26270191
26391773
26226724
26245391
26194794
26201835
26193144
26260622
26219022
26215297
26364141
26204270
26221825
26217311
26734928
26329395
26218143
26224219
26207865
26207019
26270862
26178330
26183653
26215356
26222981
26260299
26221945
26402535
26186585
26298118
26199001
26376136
26190417
26325120
26232042
26223626
26254528
26216536
26230410
26218078
26225773
26261312
26214871
26214966
26262433
26223982
26228541
26235846
26289092
26193008
26221918
26327380
26195600
26195182
26251238
26294190
26195848
26171897
26337365
26221576
26252478
26752359
26232498
26191994
26216792
26236811
26281970
26741755
26210296
26377003
26211768
26206332
26235159
26169351
26223007
26265853
26264772
26193445
26236581
26268136
26223471
26221713
26232701
26266407
26254028
26227172
26234879
26183019
26286931
26218915
26192492
26218662
26214385
26192875
26250995
26200224
26230675
