
-------------------------------

array size = 5000
2192766
2314482
2205845
1095039
967065
757138
613356
634577
655088
613233
613842
623484
608853
645495
610641
612549
666030
640859
607263
655358
626603
612459
650994
661605
641171
615587
616474
689000
633897
622214
663467
612543
607838
621081
626376
619646
611413
619418
674422
632451
613711
655951
623096
626630
618604
617080
610027
616193
605860
666728
660000
624425
637015
611715
610030
608769
608765
621326
616602
664268
617768
664621
642375
653325
617099
633920
617444
603204
614794
660835
616867
651692
605231
618018
608614
619153
615337
614255
601532
616138
610530
643741
626546
615607
619066
611744
625626
611188
627181
616899
610410
624228
623857
618823
612440
617710
631210
620894
611939
611538

-------------------------------

array size = 25000
3616409
3599064
3620635
3601094
3624834
3576626
3576248
3590915
3579045
3587423
3670727
3618052
3570793
3633422
3593042
3549859
3538588
3613884
3613916
3574541
3564266
3587850
3639945
3623498
3550016
3561232
3643738
3623635
3572981
3552601
3571994
3632285
3621178
3587693
3566922
3591550
3561774
3616457
3542434
3597042
3603581
3573293
3582826
3578093
3633706
3632487
3635193
3628894
3565020
3595753
3575586
3620205
3546209
3602379
3602134
3559633
3592509
3568750
3594113
3582624
3609375
3565331
3602022
3569244
3539126
3598393
3665252
3664314
3572225
3611565
3598558
3635935
3597340
3556050
3623377
3579788
3641618
3531251
3638394
3598084
3585828
3623468
3568899
3609548
3618370
3551279
3635418
3603326
3627615
3600887
3573447
3562488
3694231
3851143
3878709
3874194
3916106
3902754
3845082
3859291

-------------------------------

array size = 45000
7310327
7337450
7529104
7305265
7288260
7266307
7288660
7286198
7303802
6761266
6828271
6728763
6775267
6786508
6838528
6756666
6745056
6716055
6776437
6810617
6834772
6768427
6802510
6755280
6734676
6774712
6785003
6740096
6751421
6849830
6817552
6820230
6757622
6753901
6924540
6735375
6685791
6851397
6871591
6877815
6763190
6797799
6817899
6774244
6771255
6760900
6854686
6786542
6736605
6886865
6757136
6788488
6700341
6707471
6730061
6708227
6696682
6740117
6792853
6912712
6761269
6743997
6779896
6785886
6837277
6710894
6714260
6779805
6772350
6732453
6754654
6860802
6797902
6701286
6767295
6706837
6797539
6812453
6862035
6774180
6803041
6774702
6760813
6744838
6750978
6806048
6746544
6792031
6757177
6704530
6869121
6849693
6816389
6878420
6741272
6837213
6738847
6756370
6844872
6721095

-------------------------------

array size = 65000
10134521
9976132
10180507
10066684
9993967
10054752
10210111
10040355
10229210
10074070
10187308
10045719
10053080
10093405
10188820
10092048
10082284
10132297
10857812
10324198
10107019
10071962
9951003
9987652
10100939
10157630
10082314
9978078
10045262
10135932
10352304
10110934
10011476
10219635
10073590
10086190
10151983
9978601
10147576
10115492
10072249
10030530
10045599
10169080
10070545
10172591
10008104
10154022
10003491
10060079
10159277
10144892
9993024
10016914
10174697
10115188
10066902
9974234
10077132
10185363
10267922
10206633
10172550
10087579
9964767
10270982
10055200
9994899
10175930
10184430
9955996
10095577
10110180
10019672
9984236
10200209
10021597
10078162
10067932
9983434
10113961
10224617
9961830
10009222
10198631
10029218
10117077
10054733
10065081
10098628
9990977
10088605
10234363
10120052
10073263
10014351
10158079
10126068
10173424
10004484

-------------------------------

array size = 85000
13228973
13440401
13427340
13453064
13420976
14448214
13602438
13808621
13392677
13393381
13462597
13452964
13506930
13456581
13486189
14380797
13531196
13485803
13388754
13434695
13514554
13460083
13534766
13312410
13460404
13455259
13573757
13557945
13875556
14103388
13409634
13517016
13334357
13713601
13589903
13361627
13456316
13314520
13409204
13344557
13407198
13393885
13320067
13347635
13539025
13653880
13493296
13389551
13485672
13411092
13513109
13327612
13487511
13456889
13501111
13328893
13431189
13522110
13549191
13630286
13502303
13347222
13322152
13551724
13405981
14652444
13688441
13625579
13536244
13535655
13349842
13468367
13724756
13571016
13321600
13676570
13594747
13948127
13478634
13480910
13471744
13755563
13512752
13521194
13540153
13400387
13332589
13402901
13573819
13610291
13468740
13448014
13616754
13422127
13363848
13428427
13546576
13449004
13648676
13380875

-------------------------------

array size = 105000
16822795
17198411
16907650
16838147
17169191
17669590
16770917
16884768
17015760
16846820
16913724
16866362
16781675
16746273
16970334
16755407
16855145
17046075
16995384
16883268
16977918
16956399
16937532
17022673
16693883
16880681
17015348
17109428
16928203
17116311
17672513
16999463
16884236
16784716
16831943
16793620
17014288
16808005
17082455
16897767
17125371
16921555
16961110
16799857
17012998
16901177
17009016
16748961
16873779
16784330
16837727
16846795
16942315
17299530
16816565
16974170
16906702
16976041
16974836
16921856
16923136
16845011
16751577
16978122
16937893
16788941
16919166
16852541
16930989
17015281
16977784
17082126
16862400
16908049
16857248
16988951
16812741
16920463
17083929
16911439
17569336
17124907
16898872
17263705
16929479
16942992
17024370
16719232
16830659
17020731
16820599
16813694
16781164
17102392
16893527
16895232
16934436
16978728
16709838
16902160

-------------------------------

array size = 125000
20407743
20585296
20240143
20233961
20433325
20153312
20375084
20630278
20333857
20346913
20195239
20387030
20568581
20276104
20433304
20689268
20342040
20413493
20809245
20657079
20907132
20448758
20677196
20369852
21761920
20266172
20471731
20401917
20284660
20273684
20330725
20224695
20321361
20570754
20979154
20693100
20413478
20482661
20344807
20483839
20451578
20490017
20334214
20277526
20304952
20385148
20405416
20527260
20609134
20221387
20228112
20346148
20609274
20462927
20232736
20360139
20679926
20324018
20241720
20286204
20590640
20571062
20320415
20190497
20526728
20493330
20376771
20375839
20278731
20475651
20399804
20364139
20128613
20271082
20442766
20354702
20402696
20562372
20344188
20297472
20482472
20258375
20682649
20951302
20375031
20526565
20229816
20308057
20462580
20171105
20837209
20436044
20470245
20468039
20494660
20447550
20509058
20330468
20940403
20450419
