
-------------------------------

array size = 5000
046141295
040610421
040789597
042727713
040259809
040215916
040342995
038866953
039040000
038874091
039025045
038948892
038887121
040694996
041060866
041426645
039189791
039229286
039690778
039295890
038876153
039197649
038866460
038979872
038894274
038876684
039794817
039286299
038953154
040398199
041655419
039004269
039067025
040324358
041228900
041793670
045520383
045373838
042557203
041913404
045855433
044692110
045052186
042229180
041377970
041100389
041265027
041523467
042299237
041005264

-------------------------------

array size = 25000
0998653013
0988818580
127317009
0988202604
18642714
116704213
126597911
0995536279
0988989327
0992451171
1105480187
119785733
175939848
122701290
185315418
165282704
138652924
170323977
127036882
18176220
119371872
110540961
0997119206
14872135
111065646
138987345
187185389
116842666
136161255
112169927
18805754
17345133
139067023
130342310
172561414
121255137
177632149
129601433
0990974508
0996808325
138745546
153059072
170745794
129841565
181664210
170359130
138797210
18782118
173395377
170264096

-------------------------------

array size = 45000
3274988212
3242426573
3210012983
3236869782
3246448280
3313409872
3254922515
3254954269
3252719462
3365815290
3266307702
3261492016
3301861285
3253294186
3314790707
3387241657
3408898186
3299603548
3289304717
3258683394
3259846448
3266311968
3292658652
3315829574
3274604299
3241293256
3260561607
3279258710
3242273041
3232511868
3368553874
3336599239
3248462771
3231036903
3247664761
3256139781
3282800322
3430151940
3469437346
3269898000
3256893250
3253136462
3356565356
3343275624
3379285955
3216077529
3435759255
3239089086
3397985583
3243939526

-------------------------------

array size = 65000
6812844499
6737305726
6717200710
6923953281
6815019111
6776123362
7768800024
8176233091
8175003966
8164025533
8157685566
8142389870
8173255322
899966029
8331260651
8227761784
8350853904
8116969958
8164977500
8126114705
8124914993
8124575546
8167303948
8220373836
8186340898
8165262030
8155650219
8146023421
8190507223
8188163403
8233589081
8173214700
8177758063
8165209140
8259514124
8161146355
8144990919
8157988284
8248226232
8372735207
8200988990
8137378251
8161813900
8230257185
8207786827
8147738049
8334832149
8178575723
8127285268
8286609435

-------------------------------

array size = 85000
13925615341
13971673403
13825556390
13753871106
13747343525
13746194447
13742988483
13740376333
13745689817
13746468364
13736886844
13835836228
13827423986
13811537310
13820605201
13820823105
13836148825
1432198126
1437896300
13912304612
13816585303
13876977510
14182443260
13803716298
13794070758
13806268718
14117667246
14135267218
13741227079
13951923446
14234367244
14412796296
14251943225
14142349125
14131465883
146282094
14263193755
1432258467
13946825041
1428158789
1483965864
1424266421
13993303156
13934796531
13960588787
13956534547
13902619362
13832629813
13856172926
13906285020

-------------------------------

array size = 105000
21391891982
22148559886
22154854928
2295824016
21537888320
21416032644
21241719869
21520241027
21195698383
21551543476
21270338908
21300504182
20588020950
17425861991
18297438529
18470917464
1869150910
18520332111
17700221320
17335209011
17181822957
17494132198
1878260945
17569998295
17558078879
17546695671
17688612871
17276535942
17271916997
17330946464
18942530886
20962779428
20992995251
19421871345
17148695887
19593852723
20681669989
17282023620
17205727471
17227392519
17191287305
17176127128
17222966553
17229845252
17243348598
17197893041
17213223643
17197363784
17198535293
17215629542

-------------------------------

array size = 125000
24389100321
24349678083
24358126938
24355983136
24348424383
24338219191
24370395764
24821391665
27342720340
24738856276
24402048953
24368161704
24465192072
24417798443
27621501485
24861739625
2553476467
24885449504
24513955473
24502141788
269511123
26917451732
25169140242
24377284982
24386579525
24348608523
24359054958
27365857567
31895845142
31516315701
30768144353
29532595099
25927574996
27833443794
28480404091
29647312901
30900344017
27682673420
28246825423
25346371399
29936646323
29778061333
29795441939
29823207299
29818142251
29778320553
29778227995
29771225525
29702958441
2718535299
